0 0.45072115384615385 0.4362980769230769 0.0673076923076923 0.07932692307692307
0 0.17427884615384615 0.4387019230769231 0.1201923076923077 0.14182692307692307
0 0.7115384615384616 0.4483173076923077 0.06009615384615385 0.07451923076923077
0 0.3016826923076923 0.45913461538461536 0.09615384615384616 0.11057692307692307
0 0.5661057692307693 0.45913461538461536 0.052884615384615384 0.0673076923076923
0 0.7860576923076923 0.4699519230769231 0.04567307692307692 0.06009615384615385
0 0.5096153846153846 0.4735576923076923 0.05048076923076923 0.057692307692307696
0 0.6802884615384616 0.4735576923076923 0.036057692307692304 0.04807692307692308
0 0.47475961538461536 0.47475961538461536 0.04326923076923077 0.06009615384615385
0 0.07091346153846154 0.4855769230769231 0.028846153846153848 0.038461538461538464
0 0.36538461538461536 0.48677884615384615 0.036057692307692304 0.055288461538461536