1 0.14182692307692307 0.037259615384615384 0.040865384615384616 0.04567307692307692
1 0.9362980769230769 0.36899038461538464 0.05048076923076923 0.04807692307692308
1 0.8185096153846154 0.3762019230769231 0.026442307692307692 0.028846153846153848
1 0.23076923076923078 0.3786057692307692 0.06009615384615385 0.057692307692307696
1 0.4362980769230769 0.38100961538461536 0.038461538461538464 0.057692307692307696
1 0.078125 0.38100961538461536 0.07211538461538461 0.07211538461538461
1 0.8509615384615384 0.38461538461538464 0.04326923076923077 0.055288461538461536
1 0.10576923076923077 0.038461538461538464 0.040865384615384616 0.052884615384615384
0 0.2668269230769231 0.3942307692307692 0.03125 0.04567307692307692
1 0.32211538461538464 0.39663461538461536 0.04567307692307692 0.055288461538461536
1 0.3581730769230769 0.39663461538461536 0.04567307692307692 0.05048076923076923
1 0.47596153846153844 0.40384615384615385 0.03125 0.040865384615384616
1 0.008413461538461538 0.4050480769230769 0.016826923076923076 0.0625
1 0.5360576923076923 0.40625 0.06490384615384616 0.06490384615384616
1 0.5973557692307693 0.40865384615384615 0.028846153846153848 0.040865384615384616
1 0.7067307692307693 0.040865384615384616 0.036057692307692304 0.04807692307692308
1 0.6971153846153846 0.41225961538461536 0.04567307692307692 0.04326923076923077
1 0.15144230769230768 0.41586538461538464 0.040865384615384616 0.04567307692307692
1 0.5625 0.4170673076923077 0.036057692307692304 0.038461538461538464
1 0.11057692307692307 0.41947115384615385 0.040865384615384616 0.052884615384615384
1 0.5685096153846154 0.04326923076923077 0.04326923076923077 0.04807692307692308
1 0.5973557692307693 0.04447115384615385 0.03365384615384615 0.036057692307692304
1 0.4651442307692308 0.04567307692307692 0.04807692307692308 0.04326923076923077
1 0.3233173076923077 0.051682692307692304 0.04326923076923077 0.040865384615384616
1 0.53125 0.051682692307692304 0.05048076923076923 0.05048076923076923
1 0.35336538461538464 0.054086538461538464 0.040865384615384616 0.055288461538461536
1 0.4362980769230769 0.054086538461538464 0.04326923076923077 0.04567307692307692
0 0.26802884615384615 0.06009615384615385 0.04326923076923077 0.052884615384615384
1 0.8509615384615384 0.06610576923076923 0.03365384615384615 0.036057692307692304
1 0.828125 0.07091346153846154 0.055288461538461536 0.040865384615384616
1 0.08173076923076923 0.07211538461538461 0.05048076923076923 0.0673076923076923
1 0.22956730769230768 0.078125 0.052884615384615384 0.06009615384615385
1 0.9338942307692307 0.09014423076923077 0.04567307692307692 0.036057692307692304