0 0.1201923076923077 0.265625 0.2403846153846154 0.2956730769230769
0 0.23557692307692307 0.28966346153846156 0.1201923076923077 0.13942307692307693
0 0.7043269230769231 0.29927884615384615 0.1201923076923077 0.18028846153846154
0 0.4206730769230769 0.34134615384615385 0.22596153846153846 0.22596153846153846
0 0.6057692307692307 0.3473557692307692 0.21153846153846154 0.23317307692307693
0 0.8473557692307693 0.4098557692307692 0.28365384615384615 0.25721153846153844
0 0.8545673076923077 0.05048076923076923 0.23798076923076922 0.10096153846153846
0 0.23677884615384615 0.0625 0.10817307692307693 0.11778846153846154
0 0.7091346153846154 0.06490384615384616 0.1201923076923077 0.12980769230769232
0 0.421875 0.06971153846153846 0.21634615384615385 0.13942307692307693
0 0.6189903846153846 0.07091346153846154 0.1778846153846154 0.12980769230769232