1 0.2439903846153846 0.375 0.09615384615384616 0.09134615384615384
1 0.6430288461538461 0.37740384615384615 0.07211538461538461 0.0625
1 0.49158653846153844 0.3786057692307692 0.0625 0.055288461538461536
1 0.7115384615384616 0.38822115384615385 0.05048076923076923 0.05048076923076923
1 0.5276442307692307 0.3918269230769231 0.07211538461538461 0.0625
1 0.2848557692307692 0.39302884615384615 0.052884615384615384 0.06490384615384616
1 0.9819711538461539 0.4110576923076923 0.03125 0.0673076923076923
1 0.8605769230769231 0.4362980769230769 0.125 0.12740384615384615
1 0.34375 0.4543269230769231 0.11298076923076923 0.10576923076923077
1 0.8173076923076923 0.5588942307692307 0.22115384615384615 0.17548076923076922
1 0.29086538461538464 0.6442307692307693 0.2091346153846154 0.23557692307692307