1 0.09975961538461539 0.33413461538461536 0.08653846153846154 0.125
1 0.8377403846153846 0.34375 0.08413461538461539 0.09615384615384616
1 0.6802884615384616 0.3485576923076923 0.08173076923076923 0.09134615384615384
1 0.5216346153846154 0.35336538461538464 0.10336538461538461 0.11538461538461539
1 0.30528846153846156 0.3581730769230769 0.11298076923076923 0.10096153846153846
1 0.17908653846153846 0.36658653846153844 0.125 0.13221153846153846
1 0.10216346153846154 0.038461538461538464 0.125 0.07692307692307693
1 0.5264423076923077 0.014423076923076924 0.07451923076923077 0.028846153846153848
1 0.18990384615384615 0.014423076923076924 0.07932692307692307 0.028846153846153848
1 0.6706730769230769 0.016826923076923076 0.06971153846153846 0.03365384615384615
1 0.8365384615384616 0.016826923076923076 0.07692307692307693 0.03365384615384615
1 0.30528846153846156 0.021634615384615384 0.10817307692307693 0.04326923076923077