0 0.09254807692307693 0.025240384615384616 0.04807692307692308 0.05048076923076923
1 0.18990384615384615 0.027644230769230768 0.055288461538461536 0.055288461538461536
1 0.5709134615384616 0.2764423076923077 0.0625 0.09134615384615384
1 0.29927884615384615 0.3112980769230769 0.057692307692307696 0.06009615384615385
1 0.18629807692307693 0.3161057692307692 0.057692307692307696 0.06490384615384616
1 0.4230769230769231 0.328125 0.055288461538461536 0.04567307692307692
1 0.24158653846153846 0.33052884615384615 0.052884615384615384 0.05048076923076923
0 0.0889423076923077 0.33653846153846156 0.06490384615384616 0.0673076923076923
1 0.4795673076923077 0.3425480769230769 0.04326923076923077 0.036057692307692304
1 0.8689903846153846 0.3485576923076923 0.10817307692307693 0.125
1 0.30649038461538464 0.037259615384615384 0.057692307692307696 0.055288461538461536
1 0.8689903846153846 0.038461538461538464 0.12740384615384615 0.07692307692307693
1 0.5612980769230769 0.05889423076923077 0.10576923076923077 0.10817307692307693
1 0.24278846153846154 0.019230769230769232 0.055288461538461536 0.038461538461538464
1 0.4795673076923077 0.019230769230769232 0.02403846153846154 0.03365384615384615
1 0.4170673076923077 0.021634615384615384 0.0673076923076923 0.04326923076923077