1 0.29086538461538464 0.025240384615384616 0.07932692307692307 0.05048076923076923
0 0.46153846153846156 0.025240384615384616 0.07451923076923077 0.05048076923076923
0 0.6129807692307693 0.027644230769230768 0.08413461538461539 0.055288461538461536
0 0.8521634615384616 0.28846153846153844 0.11778846153846154 0.13701923076923078
0 0.7908653846153846 0.028846153846153848 0.07692307692307693 0.057692307692307696
0 0.5264423076923077 0.29086538461538464 0.08413461538461539 0.11298076923076923
0 0.6875 0.31490384615384615 0.13221153846153846 0.13701923076923078
0 0.4543269230769231 0.31971153846153844 0.055288461538461536 0.08413461538461539
1 0.28966346153846156 0.32091346153846156 0.08653846153846154 0.08653846153846154
0 0.5949519230769231 0.32091346153846156 0.052884615384615384 0.08173076923076923
0 0.7872596153846154 0.3269230769230769 0.07932692307692307 0.10817307692307693
0 0.5348557692307693 0.051682692307692304 0.09134615384615384 0.10336538461538461
0 0.6995192307692307 0.06370192307692307 0.1346153846153846 0.12740384615384615
0 0.859375 0.08413461538461539 0.13701923076923078 0.12980769230769232