1 0.84375 0.43509615384615385 0.055288461538461536 0.08653846153846154
1 0.33774038461538464 0.4411057692307692 0.040865384615384616 0.05048076923076923
1 0.6322115384615384 0.44591346153846156 0.04326923076923077 0.07211538461538461
1 0.5216346153846154 0.4483173076923077 0.05048076923076923 0.06971153846153846
1 0.5817307692307693 0.4483173076923077 0.06009615384615385 0.07211538461538461
1 0.6935096153846154 0.4483173076923077 0.055288461538461536 0.07451923076923077
1 0.43149038461538464 0.45072115384615385 0.055288461538461536 0.06971153846153846
1 0.78125 0.4543269230769231 0.055288461538461536 0.09134615384615384
1 0.47475961538461536 0.45552884615384615 0.040865384615384616 0.06009615384615385
1 0.734375 0.4579326923076923 0.052884615384615384 0.07692307692307693
1 0.35697115384615385 0.47716346153846156 0.038461538461538464 0.0625
1 0.13942307692307693 0.47716346153846156 0.052884615384615384 0.06971153846153846
1 0.3137019230769231 0.48197115384615385 0.04567307692307692 0.06971153846153846
1 0.22956730769230768 0.4831730769230769 0.057692307692307696 0.07451923076923077
1 0.8461538461538461 0.4855769230769231 0.0625 0.09615384615384616
1 0.6274038461538461 0.5072115384615384 0.055288461538461536 0.07932692307692307
1 0.18028846153846154 0.5108173076923077 0.052884615384615384 0.0673076923076923
1 0.38221153846153844 0.515625 0.055288461538461536 0.057692307692307696
1 0.4519230769230769 0.5168269230769231 0.057692307692307696 0.0673076923076923
1 0.28725961538461536 0.5192307692307693 0.057692307692307696 0.07451923076923077
1 0.7199519230769231 0.5216346153846154 0.0625 0.08653846153846154
1 0.5228365384615384 0.5240384615384616 0.04807692307692308 0.07211538461538461