0 0.5240384615384616 0.030048076923076924 0.08413461538461539 0.06009615384615385
0 0.6153846153846154 0.030048076923076924 0.055288461538461536 0.06009615384615385
0 0.16466346153846154 0.29927884615384615 0.09134615384615384 0.11057692307692307
0 0.6033653846153846 0.30649038461538464 0.06490384615384616 0.11538461538461539
0 0.7548076923076923 0.30649038461538464 0.07451923076923077 0.14423076923076922
0 0.35336538461538464 0.31009615384615385 0.06971153846153846 0.0985576923076923
0 0.2548076923076923 0.3173076923076923 0.06009615384615385 0.08413461538461539
0 0.4519230769230769 0.31971153846153844 0.06009615384615385 0.0889423076923077
0 0.5180288461538461 0.33052884615384615 0.08653846153846154 0.1346153846153846
0 0.8389423076923077 0.3317307692307692 0.14423076923076922 0.11778846153846154
0 0.35096153846153844 0.03365384615384615 0.06490384615384616 0.0673076923076923
0 0.8293269230769231 0.03365384615384615 0.10576923076923077 0.0673076923076923
0 0.028846153846153848 0.3389423076923077 0.057692307692307696 0.0889423076923077
0 0.1658653846153846 0.038461538461538464 0.07451923076923077 0.07692307692307693
0 0.9699519230769231 0.3894230769230769 0.055288461538461536 0.07451923076923077
0 0.7572115384615384 0.04326923076923077 0.07932692307692307 0.08653846153846154
0 0.25600961538461536 0.02283653846153846 0.07692307692307693 0.04567307692307692
0 0.44591346153846156 0.02283653846153846 0.057692307692307696 0.04567307692307692