1 0.0829326923076923 0.3112980769230769 0.07692307692307693 0.06490384615384616
1 0.47115384615384615 0.3137019230769231 0.06490384615384616 0.0889423076923077
1 0.2668269230769231 0.31490384615384615 0.05048076923076923 0.07692307692307693
1 0.8245192307692307 0.3161057692307692 0.052884615384615384 0.06490384615384616
1 0.6117788461538461 0.32091346153846156 0.08173076923076923 0.0889423076923077
1 0.3942307692307692 0.3245192307692308 0.06009615384615385 0.08653846153846154
1 0.6730769230769231 0.3269230769230769 0.04807692307692308 0.052884615384615384
1 0.9819711538461539 0.33413461538461536 0.03125 0.04807692307692308
1 0.21754807692307693 0.34615384615384615 0.057692307692307696 0.08173076923076923
1 0.8834134615384616 0.35096153846153844 0.06490384615384616 0.07692307692307693
1 0.7307692307692307 0.3737980769230769 0.07451923076923077 0.07451923076923077