1 0.8509615384615384 0.5829326923076923 0.09134615384615384 0.0889423076923077
1 0.18629807692307693 0.5841346153846154 0.04807692307692308 0.04326923076923077
1 0.4699519230769231 0.5901442307692307 0.04326923076923077 0.04567307692307692
1 0.1201923076923077 0.5901442307692307 0.040865384615384616 0.036057692307692304
1 0.020432692307692308 0.5901442307692307 0.040865384615384616 0.04567307692307692
1 0.30649038461538464 0.5925480769230769 0.04807692307692308 0.05048076923076923
1 0.38341346153846156 0.5985576923076923 0.057692307692307696 0.04807692307692308
1 0.6370192307692307 0.6105769230769231 0.06490384615384616 0.07211538461538461
1 0.18389423076923078 0.6658653846153846 0.08653846153846154 0.11057692307692307
1 0.75 0.6778846153846154 0.07451923076923077 0.11538461538461539
1 0.03365384615384615 0.6826923076923077 0.0673076923076923 0.10096153846153846
1 0.39903846153846156 0.6983173076923077 0.08413461538461539 0.09375