0 0.016826923076923076 0.24879807692307693 0.03365384615384615 0.036057692307692304
0 0.1875 0.03125 0.04567307692307692 0.04807692307692308
0 0.18870192307692307 0.31850961538461536 0.04807692307692308 0.038461538461538464
0 0.11778846153846154 0.31971153846153844 0.036057692307692304 0.036057692307692304
0 0.5300480769230769 0.3233173076923077 0.028846153846153848 0.028846153846153848
0 0.15985576923076922 0.33413461538461536 0.04326923076923077 0.03125
0 0.20673076923076922 0.3557692307692308 0.03125 0.03125
0 0.28125 0.3581730769230769 0.04567307692307692 0.036057692307692304
0 0.015625 0.3629807692307692 0.03125 0.05048076923076923
0 0.44471153846153844 0.3894230769230769 0.026442307692307692 0.03125
0 0.5336538461538461 0.39663461538461536 0.04567307692307692 0.040865384615384616
0 0.6141826923076923 0.4014423076923077 0.03365384615384615 0.036057692307692304
0 0.78125 0.4098557692307692 0.055288461538461536 0.052884615384615384
0 0.4338942307692308 0.4987980769230769 0.038461538461538464 0.0625
0 0.4338942307692308 0.6153846153846154 0.08653846153846154 0.10336538461538461
0 0.09014423076923077 0.6526442307692307 0.13942307692307693 0.12980769230769232
0 0.018028846153846152 0.09975961538461539 0.036057692307692304 0.05048076923076923
0 0.15865384615384615 0.01201923076923077 0.036057692307692304 0.02403846153846154
0 0.5336538461538461 0.019230769230769232 0.040865384615384616 0.038461538461538464
0 0.10697115384615384 0.021634615384615384 0.03365384615384615 0.04326923076923077