1 0.8509615384615384 0.026442307692307692 0.07211538461538461 0.052884615384615384
1 0.6911057692307693 0.2536057692307692 0.12740384615384615 0.1346153846153846
0 0.057692307692307696 0.28846153846153844 0.11538461538461539 0.14903846153846154
1 0.5709134615384616 0.30528846153846156 0.14182692307692307 0.17067307692307693
0 0.13701923076923078 0.30528846153846156 0.14423076923076922 0.17307692307692307
1 0.9675480769230769 0.3233173076923077 0.06009615384615385 0.10336538461538461
0 0.23317307692307693 0.3269230769230769 0.08653846153846154 0.11057692307692307
1 0.8449519230769231 0.3581730769230769 0.07692307692307693 0.08173076923076923
1 0.8954326923076923 0.3605769230769231 0.04567307692307692 0.06490384615384616
0 0.23317307692307693 0.039663461538461536 0.09134615384615384 0.07932692307692307
1 0.9675480769230769 0.055288461538461536 0.06009615384615385 0.10576923076923077
0 0.13822115384615385 0.07211538461538461 0.13942307692307693 0.14423076923076922
1 0.5733173076923077 0.08413461538461539 0.15384615384615385 0.16826923076923078
0 0.054086538461538464 0.0985576923076923 0.10817307692307693 0.15144230769230768
1 0.6862980769230769 0.11538461538461539 0.1201923076923077 0.12740384615384615
1 0.8990384615384616 0.021634615384615384 0.04807692307692308 0.04326923076923077