1 0.5925480769230769 0.25721153846153844 0.07211538461538461 0.08413461538461539
1 0.42427884615384615 0.25961538461538464 0.09615384615384616 0.13221153846153846
1 0.8076923076923077 0.2668269230769231 0.16346153846153846 0.21394230769230768
1 0.9290865384615384 0.27163461538461536 0.06971153846153846 0.08413461538461539
1 0.0829326923076923 0.27283653846153844 0.09134615384615384 0.10096153846153846
1 0.7139423076923077 0.2764423076923077 0.057692307692307696 0.08413461538461539
1 0.4987980769230769 0.29086538461538464 0.1201923076923077 0.13221153846153846
1 0.20192307692307693 0.296875 0.05048076923076923 0.0673076923076923
1 0.6706730769230769 0.3016826923076923 0.07932692307692307 0.10096153846153846
1 0.1466346153846154 0.30288461538461536 0.10336538461538461 0.11298076923076923
1 0.7163461538461539 0.04807692307692308 0.0625 0.09615384615384616
1 0.09014423076923077 0.04807692307692308 0.08173076923076923 0.09615384615384616
1 0.15985576923076922 0.04807692307692308 0.10096153846153846 0.09615384615384616
1 0.5853365384615384 0.05048076923076923 0.08173076923076923 0.08173076923076923
1 0.9387019230769231 0.05048076923076923 0.06490384615384616 0.09134615384615384
1 0.49759615384615385 0.054086538461538464 0.13701923076923078 0.10817307692307693
1 0.43028846153846156 0.06370192307692307 0.13701923076923078 0.12740384615384615
1 0.6658653846153846 0.06850961538461539 0.09375 0.11778846153846154
1 0.8305288461538461 0.0889423076923077 0.1658653846153846 0.1778846153846154