0 0.3798076923076923 0.026442307692307692 0.052884615384615384 0.052884615384615384
0 0.6947115384615384 0.2548076923076923 0.06009615384615385 0.06009615384615385
0 0.9038461538461539 0.2548076923076923 0.10817307692307693 0.11778846153846154
0 0.35096153846153844 0.25961538461538464 0.07932692307692307 0.08413461538461539
0 0.78125 0.29086538461538464 0.0625 0.06971153846153846
0 0.37740384615384615 0.3016826923076923 0.055288461538461536 0.057692307692307696
0 0.4266826923076923 0.32211538461538464 0.057692307692307696 0.057692307692307696
0 0.3473557692307692 0.375 0.11538461538461539 0.11298076923076923
0 0.15985576923076922 0.38100961538461536 0.10576923076923077 0.0889423076923077
0 0.7908653846153846 0.040865384615384616 0.08173076923076923 0.08173076923076923
0 0.8762019230769231 0.41346153846153844 0.08653846153846154 0.08413461538461539
0 0.8317307692307693 0.5853365384615384 0.15625 0.1875
0 0.6947115384615384 0.0625 0.052884615384615384 0.052884615384615384
0 0.3545673076923077 0.06490384615384616 0.08653846153846154 0.09134615384615384
0 0.5408653846153846 0.07692307692307693 0.08173076923076923 0.07451923076923077
0 0.9026442307692307 0.07932692307692307 0.11298076923076923 0.11778846153846154
0 0.42427884615384615 0.018028846153846152 0.04807692307692308 0.036057692307692304
0 0.5432692307692307 0.23918269230769232 0.07932692307692307 0.07211538461538461