1 0.921875 0.4230769230769231 0.04326923076923077 0.04567307692307692
1 0.9795673076923077 0.4230769230769231 0.03365384615384615 0.038461538461538464
1 0.8257211538461539 0.42908653846153844 0.04807692307692308 0.038461538461538464
1 0.1778846153846154 0.42908653846153844 0.12740384615384615 0.11538461538461539
1 0.45072115384615385 0.43028846153846156 0.07211538461538461 0.07211538461538461
1 0.7475961538461539 0.43509615384615385 0.05048076923076923 0.055288461538461536
1 0.390625 0.4375 0.09615384615384616 0.08413461538461539
1 0.5216346153846154 0.4375 0.055288461538461536 0.052884615384615384
1 0.6165865384615384 0.44350961538461536 0.040865384615384616 0.04567307692307692
1 0.6850961538461539 0.44591346153846156 0.0625 0.052884615384615384
1 0.5564903846153846 0.45072115384615385 0.04326923076923077 0.055288461538461536