0 0.7379807692307693 0.3629807692307692 0.0625 0.06971153846153846
0 0.6802884615384616 0.36899038461538464 0.06009615384615385 0.09375
0 0.6334134615384616 0.38100961538461536 0.06009615384615385 0.06971153846153846
0 0.5504807692307693 0.38221153846153844 0.06971153846153846 0.07932692307692307
0 0.34615384615384615 0.38221153846153844 0.08173076923076923 0.08653846153846154
0 0.49038461538461536 0.3870192307692308 0.04567307692307692 0.05048076923076923
0 0.40384615384615385 0.3894230769230769 0.028846153846153848 0.05048076923076923
0 0.3786057692307692 0.3918269230769231 0.03365384615384615 0.04326923076923077
0 0.43990384615384615 0.3918269230769231 0.052884615384615384 0.055288461538461536
0 0.3004807692307692 0.3942307692307692 0.052884615384615384 0.05048076923076923
0 0.25721153846153844 0.39663461538461536 0.05048076923076923 0.06009615384615385
0 0.5949519230769231 0.4014423076923077 0.04567307692307692 0.04567307692307692