0 0.40024038461538464 0.38100961538461536 0.0673076923076923 0.07211538461538461
1 0.17548076923076922 0.3870192307692308 0.06971153846153846 0.0889423076923077
0 0.8004807692307693 0.3894230769230769 0.055288461538461536 0.06490384615384616
0 0.33413461538461536 0.390625 0.05048076923076923 0.07692307692307693
0 0.9711538461538461 0.3942307692307692 0.04807692307692308 0.07451923076923077
0 0.6213942307692307 0.39663461538461536 0.04326923076923077 0.055288461538461536
1 0.6610576923076923 0.39663461538461536 0.06490384615384616 0.07451923076923077
1 0.5372596153846154 0.39783653846153844 0.04326923076923077 0.0673076923076923
0 0.7427884615384616 0.40384615384615385 0.040865384615384616 0.07932692307692307
0 0.5 0.4110576923076923 0.055288461538461536 0.07451923076923077
0 0.15504807692307693 0.6550480769230769 0.07211538461538461 0.0673076923076923