1 0.6694711538461539 0.02403846153846154 0.07451923076923077 0.04807692307692308
1 0.4206730769230769 0.2608173076923077 0.08653846153846154 0.12740384615384615
0 0.27884615384615385 0.027644230769230768 0.038461538461538464 0.04567307692307692
1 0.9074519230769231 0.27283653846153844 0.0889423076923077 0.10817307692307693
1 0.16706730769230768 0.2860576923076923 0.09134615384615384 0.0889423076923077
1 0.5288461538461539 0.030048076923076924 0.040865384615384616 0.04807692307692308
1 0.3269230769230769 0.03125 0.0625 0.0625
1 0.5600961538461539 0.2980769230769231 0.08173076923076923 0.09375
1 0.7800480769230769 0.3004807692307692 0.10096153846153846 0.10576923076923077
1 0.9519230769230769 0.30408653846153844 0.07451923076923077 0.08413461538461539
0 0.10336538461538461 0.03365384615384615 0.057692307692307696 0.0673076923076923
0 0.09495192307692307 0.31490384615384615 0.0625 0.07451923076923077
1 0.5264423076923077 0.31850961538461536 0.036057692307692304 0.055288461538461536
0 0.28365384615384615 0.32572115384615385 0.040865384615384616 0.04567307692307692
1 0.31850961538461536 0.3269230769230769 0.06490384615384616 0.07211538461538461
1 0.6586538461538461 0.34134615384615385 0.06009615384615385 0.07932692307692307
0 0.06610576923076923 0.3545673076923077 0.036057692307692304 0.04567307692307692
1 0.9543269230769231 0.038461538461538464 0.0625 0.07692307692307693
1 0.5649038461538461 0.04567307692307692 0.057692307692307696 0.08653846153846154
1 0.7596153846153846 0.04807692307692308 0.08413461538461539 0.09375
1 0.16706730769230768 0.04927884615384615 0.08173076923076923 0.09134615384615384
1 0.4266826923076923 0.06850961538461539 0.07451923076923077 0.11298076923076923
1 0.9038461538461539 0.06850961538461539 0.07932692307692307 0.0889423076923077
0 0.06370192307692307 0.013221153846153846 0.03365384615384615 0.026442307692307692