1 0.12620192307692307 0.3389423076923077 0.10336538461538461 0.0889423076923077
1 0.7223557692307693 0.3713942307692308 0.07211538461538461 0.06971153846153846
1 0.5649038461538461 0.37259615384615385 0.09375 0.0673076923076923
1 0.1935096153846154 0.3737980769230769 0.12740384615384615 0.14903846153846154
1 0.3137019230769231 0.39903846153846156 0.0889423076923077 0.0889423076923077
1 0.46033653846153844 0.40024038461538464 0.06490384615384616 0.06971153846153846
1 0.5228365384615384 0.4050480769230769 0.0673076923076923 0.07932692307692307
1 0.6586538461538461 0.41947115384615385 0.04807692307692308 0.06009615384615385
1 0.38822115384615385 0.4230769230769231 0.036057692307692304 0.057692307692307696
1 0.6009615384615384 0.43028846153846156 0.10576923076923077 0.10096153846153846
1 0.7091346153846154 0.43028846153846156 0.04807692307692308 0.038461538461538464
1 0.8401442307692307 0.4423076923076923 0.07932692307692307 0.09615384615384616