1 0.3954326923076923 0.02403846153846154 0.08413461538461539 0.04807692307692308
1 0.7451923076923077 0.3329326923076923 0.08413461538461539 0.10576923076923077
1 0.39663461538461536 0.3389423076923077 0.07692307692307693 0.10096153846153846
1 0.03245192307692308 0.3485576923076923 0.06490384615384616 0.13942307692307693
1 0.24158653846153846 0.3629807692307692 0.06490384615384616 0.08653846153846154
1 0.49399038461538464 0.3641826923076923 0.06971153846153846 0.07451923076923077
1 0.6838942307692307 0.375 0.07451923076923077 0.07692307692307693
1 0.5865384615384616 0.38341346153846156 0.08173076923076923 0.06490384615384616
1 0.9074519230769231 0.39302884615384615 0.07692307692307693 0.06971153846153846
1 0.15985576923076922 0.39903846153846156 0.09615384615384616 0.0985576923076923
1 0.7536057692307693 0.021634615384615384 0.07932692307692307 0.04326923076923077