1 0.796875 0.026442307692307692 0.06490384615384616 0.052884615384615384
1 0.7884615384615384 0.32211538461538464 0.06490384615384616 0.0673076923076923
1 0.9879807692307693 0.32211538461538464 0.019230769230769232 0.08173076923076923
1 0.24519230769230768 0.33653846153846156 0.036057692307692304 0.04567307692307692
1 0.625 0.33774038461538464 0.09375 0.07692307692307693
1 0.20432692307692307 0.3389423076923077 0.038461538461538464 0.04567307692307692
1 0.8317307692307693 0.3545673076923077 0.0985576923076923 0.08653846153846154
1 0.4387019230769231 0.35697115384615385 0.07211538461538461 0.09134615384615384
1 0.31009615384615385 0.36177884615384615 0.08413461538461539 0.09375
1 0.5925480769230769 0.3713942307692308 0.057692307692307696 0.04807692307692308
1 0.078125 0.37740384615384615 0.07451923076923077 0.07211538461538461
1 0.016826923076923076 0.38822115384615385 0.03365384615384615 0.10576923076923077
1 0.6298076923076923 0.018028846153846152 0.09615384615384616 0.036057692307692304