0 0.984375 0.5024038461538461 0.026442307692307692 0.04567307692307692
0 0.9519230769230769 0.5192307692307693 0.04326923076923077 0.040865384615384616
0 0.4495192307692308 0.5228365384615384 0.040865384615384616 0.038461538461538464
0 0.5240384615384616 0.5240384615384616 0.04567307692307692 0.040865384615384616
0 0.28846153846153844 0.5348557692307693 0.040865384615384616 0.038461538461538464
0 0.32572115384615385 0.5348557692307693 0.028846153846153848 0.03365384615384615
0 0.7644230769230769 0.5372596153846154 0.04567307692307692 0.04807692307692308
0 0.4206730769230769 0.5408653846153846 0.036057692307692304 0.040865384615384616
0 0.3557692307692308 0.5480769230769231 0.040865384615384616 0.040865384615384616
0 0.5685096153846154 0.5480769230769231 0.028846153846153848 0.036057692307692304
0 0.6274038461538461 0.5600961538461539 0.036057692307692304 0.04567307692307692