1 0.5276442307692307 0.4831730769230769 0.08653846153846154 0.10336538461538461
0 0.42908653846153844 0.6069711538461539 0.14903846153846154 0.13221153846153846
0 0.23197115384615385 0.6286057692307693 0.20432692307692307 0.20432692307692307
0 0.9158653846153846 0.6682692307692307 0.16346153846153846 0.23076923076923078
0 0.039663461538461536 0.6670673076923077 0.07932692307692307 0.2403846153846154
0 0.7512019230769231 0.7079326923076923 0.25961538461538464 0.28846153846153844
0 0.4338942307692308 0.7223557692307693 0.22115384615384615 0.19951923076923078
0 0.7271634615384616 0.9086538461538461 0.2764423076923077 0.1778846153846154
0 0.9146634615384616 0.9134615384615384 0.1658653846153846 0.16826923076923078
0 0.44350961538461536 0.9182692307692307 0.22355769230769232 0.15865384615384615
0 0.04567307692307692 0.9459134615384616 0.09134615384615384 0.10336538461538461
0 0.22115384615384615 0.9663461538461539 0.1875 0.0625