0 0.38221153846153844 0.43028846153846156 0.036057692307692304 0.057692307692307696
0 0.2091346153846154 0.43509615384615385 0.06009615384615385 0.04807692307692308
1 0.5805288461538461 0.4387019230769231 0.04326923076923077 0.06971153846153846
0 0.3605769230769231 0.4423076923076923 0.03125 0.038461538461538464
1 0.17307692307692307 0.44350961538461536 0.036057692307692304 0.03125
0 0.5 0.44591346153846156 0.040865384615384616 0.05048076923076923
1 0.4326923076923077 0.44711538461538464 0.040865384615384616 0.052884615384615384
0 0.3088942307692308 0.4495192307692308 0.038461538461538464 0.052884615384615384
1 0.7788461538461539 0.45072115384615385 0.06490384615384616 0.08413461538461539
1 0.8798076923076923 0.45072115384615385 0.052884615384615384 0.08413461538461539
1 0.5240384615384616 0.45552884615384615 0.04567307692307692 0.055288461538461536
1 0.6706730769230769 0.46875 0.08653846153846154 0.07211538461538461
1 0.9471153846153846 0.4795673076923077 0.09134615384615384 0.13701923076923078