0 0.5805288461538461 0.25240384615384615 0.10576923076923077 0.10817307692307693
0 0.8137019230769231 0.2800480769230769 0.06490384615384616 0.13942307692307693
0 0.96875 0.2824519230769231 0.057692307692307696 0.11538461538461539
0 0.7103365384615384 0.2848557692307692 0.052884615384615384 0.0625
0 0.875 0.2932692307692308 0.07211538461538461 0.1201923076923077
0 0.21153846153846154 0.37740384615384615 0.07211538461538461 0.07692307692307693
0 0.4987980769230769 0.4387019230769231 0.15625 0.20432692307692307
0 0.8762019230769231 0.05048076923076923 0.0889423076923077 0.10096153846153846
0 0.8173076923076923 0.054086538461538464 0.0673076923076923 0.08413461538461539
0 0.7163461538461539 0.055288461538461536 0.052884615384615384 0.05048076923076923
0 0.96875 0.057692307692307696 0.057692307692307696 0.10096153846153846
0 0.5697115384615384 0.07572115384615384 0.09134615384615384 0.11778846153846154