0 0.25721153846153844 0.030048076923076924 0.10336538461538461 0.06009615384615385
0 0.25 0.3317307692307692 0.0889423076923077 0.10336538461538461
0 0.4483173076923077 0.33774038461538464 0.04807692307692308 0.07211538461538461
0 0.8701923076923077 0.33774038461538464 0.08653846153846154 0.09134615384615384
0 0.4026442307692308 0.34375 0.0625 0.07932692307692307
0 0.6213942307692307 0.34615384615384615 0.04326923076923077 0.06490384615384616
0 0.7788461538461539 0.34615384615384615 0.04567307692307692 0.06009615384615385
0 0.5552884615384616 0.35336538461538464 0.05048076923076923 0.0889423076923077
0 0.71875 0.35697115384615385 0.055288461538461536 0.07211538461538461
0 0.5120192307692307 0.3629807692307692 0.04567307692307692 0.06971153846153846
0 0.44350961538461536 0.01201923076923077 0.04807692307692308 0.02403846153846154
0 0.39903846153846156 0.019230769230769232 0.06490384615384616 0.038461538461538464
0 0.8653846153846154 0.021634615384615384 0.0673076923076923 0.04326923076923077