1 0.10817307692307693 0.2403846153846154 0.14423076923076922 0.16826923076923078
0 0.6322115384615384 0.25600961538461536 0.10096153846153846 0.11298076923076923
0 0.1875 0.2608173076923077 0.07211538461538461 0.1201923076923077
1 0.7271634615384616 0.27524038461538464 0.1346153846153846 0.19951923076923078
0 0.5264423076923077 0.2800480769230769 0.06971153846153846 0.07692307692307693
0 0.6394230769230769 0.030048076923076924 0.06971153846153846 0.06009615384615385
0 0.43509615384615385 0.30408653846153844 0.12259615384615384 0.12740384615384615
0 0.19591346153846154 0.03365384615384615 0.06971153846153846 0.0673076923076923
1 0.8233173076923077 0.3161057692307692 0.07211538461538461 0.09615384615384616
0 0.31850961538461536 0.31850961538461536 0.14423076923076922 0.17307692307692307
1 0.7331730769230769 0.039663461538461536 0.13942307692307693 0.07932692307692307
1 0.109375 0.05048076923076923 0.14182692307692307 0.10096153846153846
0 0.31971153846153844 0.016826923076923076 0.08653846153846154 0.03365384615384615
1 0.9098557692307693 0.23798076923076922 0.17548076923076922 0.24519230769230768