1 0.13581730769230768 0.038461538461538464 0.22355769230769232 0.07692307692307693
1 0.15504807692307693 0.38221153846153844 0.24759615384615385 0.2668269230769231
1 0.33653846153846156 0.3870192307692308 0.04567307692307692 0.06971153846153846
1 0.5540865384615384 0.3870192307692308 0.06009615384615385 0.0625
1 0.3954326923076923 0.3870192307692308 0.04807692307692308 0.052884615384615384
1 0.859375 0.3870192307692308 0.0889423076923077 0.08173076923076923
1 0.019230769230769232 0.38822115384615385 0.038461538461538464 0.09134615384615384
1 0.6923076923076923 0.3894230769230769 0.06490384615384616 0.09375
1 0.5072115384615384 0.3942307692307692 0.04326923076923077 0.038461538461538464
1 0.3701923076923077 0.39783653846153844 0.03365384615384615 0.052884615384615384
1 0.9266826923076923 0.39783653846153844 0.04807692307692308 0.06971153846153846
1 0.6117788461538461 0.39903846153846156 0.036057692307692304 0.05048076923076923
1 0.44350961538461536 0.40024038461538464 0.055288461538461536 0.0673076923076923
1 0.6442307692307693 0.4014423076923077 0.052884615384615384 0.06009615384615385
1 0.2932692307692308 0.40384615384615385 0.06009615384615385 0.07211538461538461
1 0.7307692307692307 0.4110576923076923 0.036057692307692304 0.05048076923076923
1 0.7728365384615384 0.4110576923076923 0.028846153846153848 0.04326923076923077
1 0.9855769230769231 0.41947115384615385 0.021634615384615384 0.040865384615384616
1 0.9675480769230769 0.421875 0.021634615384615384 0.03365384615384615