1 0.6983173076923077 0.025240384615384616 0.10817307692307693 0.05048076923076923
1 0.44350961538461536 0.030048076923076924 0.11778846153846154 0.06009615384615385
1 0.09975961538461539 0.32211538461538464 0.19951923076923078 0.22355769230769232
1 0.9591346153846154 0.03485576923076923 0.07692307692307693 0.06971153846153846
1 0.9627403846153846 0.375 0.06971153846153846 0.09615384615384616
1 0.8737980769230769 0.040865384615384616 0.12259615384615384 0.08173076923076923
1 0.7211538461538461 0.3870192307692308 0.055288461538461536 0.07932692307692307
1 0.8701923076923077 0.39302884615384615 0.11538461538461539 0.1201923076923077
1 0.6862980769230769 0.39663461538461536 0.09134615384615384 0.09375
1 0.44711538461538464 0.4050480769230769 0.09375 0.13221153846153846
1 0.3870192307692308 0.41586538461538464 0.06009615384615385 0.07692307692307693
1 0.5444711538461539 0.42427884615384615 0.09375 0.11538461538461539
1 0.23918269230769232 0.43028846153846156 0.06971153846153846 0.09615384615384616
1 0.10576923076923077 0.0889423076923077 0.21153846153846154 0.1778846153846154