0 0.9447115384615384 0.4326923076923077 0.04807692307692308 0.04807692307692308
0 0.7620192307692307 0.4338942307692308 0.04326923076923077 0.055288461538461536
0 0.6430288461538461 0.43509615384615385 0.04807692307692308 0.057692307692307696
0 0.984375 0.43509615384615385 0.026442307692307692 0.057692307692307696
0 0.7235576923076923 0.4423076923076923 0.04807692307692308 0.04567307692307692
0 0.8545673076923077 0.44471153846153844 0.04567307692307692 0.055288461538461536
0 0.5384615384615384 0.44711538461538464 0.055288461538461536 0.055288461538461536
0 0.6862980769230769 0.4519230769230769 0.040865384615384616 0.05048076923076923
0 0.08052884615384616 0.45552884615384615 0.04326923076923077 0.05048076923076923
0 0.055288461538461536 0.46634615384615385 0.052884615384615384 0.06490384615384616
0 0.15264423076923078 0.4891826923076923 0.06490384615384616 0.07211538461538461