0 0.07692307692307693 0.24278846153846154 0.040865384615384616 0.04326923076923077
0 0.7884615384615384 0.24879807692307693 0.036057692307692304 0.04567307692307692
0 0.14903846153846154 0.265625 0.06009615384615385 0.055288461538461536
0 0.7139423076923077 0.27283653846153844 0.03125 0.05048076923076923
0 0.5432692307692307 0.028846153846153848 0.04567307692307692 0.04807692307692308
0 0.5925480769230769 0.28966346153846156 0.028846153846153848 0.036057692307692304
0 0.7596153846153846 0.2920673076923077 0.028846153846153848 0.040865384615384616
0 0.17908653846153846 0.2932692307692308 0.038461538461538464 0.038461538461538464
0 0.5408653846153846 0.3088942307692308 0.05048076923076923 0.06009615384615385
0 0.71875 0.3125 0.03125 0.04326923076923077
0 0.6490384615384616 0.3173076923076923 0.036057692307692304 0.04807692307692308
0 0.6923076923076923 0.3233173076923077 0.038461538461538464 0.026442307692307692
0 0.5961538461538461 0.03365384615384615 0.05048076923076923 0.04807692307692308
0 0.7668269230769231 0.037259615384615384 0.05048076923076923 0.06971153846153846
0 0.11298076923076923 0.36899038461538464 0.06490384615384616 0.055288461538461536
0 0.18028846153846154 0.038461538461538464 0.05048076923076923 0.0673076923076923
0 0.40384615384615385 0.4338942307692308 0.04567307692307692 0.06490384615384616
0 0.35697115384615385 0.44471153846153844 0.03365384615384615 0.04326923076923077
0 0.38822115384615385 0.4495192307692308 0.03365384615384615 0.052884615384615384
0 0.5456730769230769 0.4831730769230769 0.036057692307692304 0.04807692307692308
0 0.5853365384615384 0.5120192307692307 0.028846153846153848 0.03365384615384615
0 0.4074519230769231 0.5168269230769231 0.04807692307692308 0.04326923076923077
0 0.7163461538461539 0.06129807692307692 0.06009615384615385 0.04567307692307692
0 0.7139423076923077 0.6370192307692307 0.04326923076923077 0.0625
0 0.08413461538461539 0.0733173076923077 0.06009615384615385 0.05048076923076923
0 0.14783653846153846 0.07451923076923077 0.0625 0.04326923076923077
0 0.7980769230769231 0.078125 0.04807692307692308 0.05048076923076923
0 0.6490384615384616 0.019230769230769232 0.05048076923076923 0.038461538461538464