1 0.21634615384615385 0.34375 0.040865384615384616 0.0625
1 0.18870192307692307 0.3557692307692308 0.028846153846153848 0.04326923076923077
1 0.5108173076923077 0.35697115384615385 0.057692307692307696 0.06490384615384616
1 0.12620192307692307 0.35697115384615385 0.052884615384615384 0.06971153846153846
1 0.7019230769230769 0.3581730769230769 0.055288461538461536 0.04807692307692308
1 0.8509615384615384 0.3581730769230769 0.052884615384615384 0.057692307692307696
1 0.07451923076923077 0.359375 0.03125 0.040865384615384616
1 0.27163461538461536 0.36177884615384615 0.06009615384615385 0.07932692307692307
1 0.4254807692307692 0.36538461538461536 0.040865384615384616 0.04807692307692308
1 0.5805288461538461 0.36899038461538464 0.04326923076923077 0.06971153846153846
1 0.3713942307692308 0.3701923076923077 0.04807692307692308 0.057692307692307696
1 0.5444711538461539 0.3701923076923077 0.038461538461538464 0.038461538461538464
1 0.025240384615384616 0.3713942307692308 0.038461538461538464 0.04567307692307692
1 0.47596153846153844 0.3713942307692308 0.03125 0.04567307692307692