0 0.484375 0.028846153846153848 0.06009615384615385 0.057692307692307696
0 0.8137019230769231 0.2764423076923077 0.07932692307692307 0.09375
0 0.6298076923076923 0.2920673076923077 0.07211538461538461 0.06971153846153846
0 0.4807692307692308 0.3112980769230769 0.04567307692307692 0.04567307692307692
0 0.6826923076923077 0.03365384615384615 0.06490384615384616 0.0673076923076923
0 0.6814903846153846 0.3137019230769231 0.08413461538461539 0.06971153846153846
0 0.40865384615384615 0.328125 0.052884615384615384 0.057692307692307696
0 0.5865384615384616 0.3329326923076923 0.06490384615384616 0.057692307692307696
0 0.4651442307692308 0.4387019230769231 0.07211538461538461 0.04567307692307692
0 0.6310096153846154 0.05048076923076923 0.06490384615384616 0.07692307692307693
0 0.4699519230769231 0.48197115384615385 0.08173076923076923 0.0673076923076923
0 0.8377403846153846 0.4987980769230769 0.11538461538461539 0.11778846153846154
0 0.6742788461538461 0.5012019230769231 0.07211538461538461 0.06490384615384616
0 0.7067307692307693 0.5504807692307693 0.10817307692307693 0.09134615384615384
0 0.8137019230769231 0.0625 0.09615384615384616 0.09615384615384616
0 0.5829326923076923 0.021634615384615384 0.06009615384615385 0.04326923076923077
0 0.40865384615384615 0.02283653846153846 0.055288461538461536 0.04326923076923077