1 0.38341346153846156 0.44471153846153844 0.07451923076923077 0.06971153846153846
1 0.5228365384615384 0.4519230769230769 0.05048076923076923 0.055288461538461536
1 0.6742788461538461 0.45913461538461536 0.04567307692307692 0.0625
1 0.9519230769230769 0.45913461538461536 0.04326923076923077 0.052884615384615384
1 0.23317307692307693 0.46274038461538464 0.057692307692307696 0.0625
1 0.6310096153846154 0.4651442307692308 0.06009615384615385 0.06971153846153846
1 0.4807692307692308 0.47115384615384615 0.052884615384615384 0.052884615384615384
1 0.7776442307692307 0.47716346153846156 0.04807692307692308 0.04567307692307692
1 0.28365384615384615 0.47836538461538464 0.06490384615384616 0.06971153846153846
1 0.09495192307692307 0.4831730769230769 0.06009615384615385 0.06009615384615385
1 0.7475961538461539 0.484375 0.055288461538461536 0.052884615384615384