1 0.6742788461538461 0.38221153846153844 0.040865384615384616 0.038461538461538464
1 0.9411057692307693 0.4050480769230769 0.06490384615384616 0.06490384615384616
1 0.23918269230769232 0.40625 0.09615384615384616 0.08653846153846154
1 0.8713942307692307 0.40865384615384615 0.0625 0.06009615384615385
1 0.5829326923076923 0.4098557692307692 0.057692307692307696 0.0673076923076923
1 0.7091346153846154 0.4110576923076923 0.040865384615384616 0.06009615384615385
1 0.3545673076923077 0.41586538461538464 0.052884615384615384 0.05048076923076923
1 0.2932692307692308 0.42427884615384615 0.052884615384615384 0.04567307692307692
1 0.4495192307692308 0.43028846153846156 0.0625 0.0625
1 0.17067307692307693 0.43149038461538464 0.07932692307692307 0.07451923076923077
1 0.09375 0.45552884615384615 0.0889423076923077 0.0985576923076923