0 0.16706730769230768 0.2644230769230769 0.08173076923076923 0.07932692307692307
0 0.25 0.26802884615384615 0.07932692307692307 0.09615384615384616
0 0.2860576923076923 0.028846153846153848 0.08413461538461539 0.057692307692307696
0 0.8713942307692307 0.29447115384615385 0.10817307692307693 0.10096153846153846
0 0.5973557692307693 0.3016826923076923 0.09134615384615384 0.1201923076923077
0 0.3485576923076923 0.30408653846153844 0.10817307692307693 0.14903846153846154
0 0.2776442307692308 0.31850961538461536 0.0673076923076923 0.07211538461538461
0 0.46153846153846156 0.35697115384615385 0.11778846153846154 0.12980769230769232
0 0.3605769230769231 0.4326923076923077 0.07932692307692307 0.07932692307692307
0 0.5997596153846154 0.046875 0.12980769230769232 0.09375
0 0.359375 0.04927884615384615 0.125 0.0985576923076923
0 0.8677884615384616 0.054086538461538464 0.11538461538461539 0.10817307692307693
0 0.17067307692307693 0.06490384615384616 0.08413461538461539 0.08653846153846154
0 0.25 0.08052884615384616 0.0889423076923077 0.0889423076923077
0 0.45913461538461536 0.018028846153846152 0.06490384615384616 0.036057692307692304