1 0.8112980769230769 0.02403846153846154 0.06971153846153846 0.04807692307692308
1 0.5817307692307693 0.026442307692307692 0.0673076923076923 0.052884615384615384
1 0.7055288461538461 0.030048076923076924 0.06971153846153846 0.06009615384615385
1 0.8954326923076923 0.2920673076923077 0.12980769230769232 0.13701923076923078
1 0.578125 0.33052884615384615 0.06490384615384616 0.10096153846153846
1 0.3581730769230769 0.03485576923076923 0.08173076923076923 0.06971153846153846
1 0.6550480769230769 0.036057692307692304 0.09375 0.07211538461538461
1 0.35336538461538464 0.33653846153846156 0.0889423076923077 0.07451923076923077
1 0.5072115384615384 0.3389423076923077 0.08413461538461539 0.08653846153846154
1 0.8016826923076923 0.3425480769230769 0.08413461538461539 0.08653846153846154
1 0.7067307692307693 0.3485576923076923 0.06490384615384616 0.08413461538461539
1 0.6490384615384616 0.3557692307692308 0.0889423076923077 0.09375
1 0.5084134615384616 0.036057692307692304 0.0889423076923077 0.07211538461538461
1 0.25240384615384615 0.375 0.08413461538461539 0.07692307692307693
1 0.9038461538461539 0.06971153846153846 0.12740384615384615 0.13942307692307693