0 0.4110576923076923 0.2536057692307692 0.055288461538461536 0.05048076923076923
0 0.7331730769230769 0.027644230769230768 0.09615384615384616 0.055288461538461536
0 0.036057692307692304 0.3076923076923077 0.07211538461538461 0.052884615384615384
0 0.22235576923076922 0.3173076923076923 0.052884615384615384 0.04807692307692308
0 0.7307692307692307 0.33052884615384615 0.09615384615384616 0.11298076923076923
0 0.039663461538461536 0.036057692307692304 0.0673076923076923 0.0673076923076923
0 0.8161057692307693 0.3762019230769231 0.0889423076923077 0.10336538461538461
0 0.3942307692307692 0.38822115384615385 0.06490384615384616 0.0889423076923077
0 0.20192307692307693 0.44350961538461536 0.06009615384615385 0.07932692307692307
0 0.40865384615384615 0.08774038461538461 0.06009615384615385 0.05048076923076923
0 0.34134615384615385 0.13341346153846154 0.05048076923076923 0.04567307692307692
0 0.19951923076923078 0.13822115384615385 0.05048076923076923 0.06971153846153846
0 0.19110576923076922 0.20432692307692307 0.038461538461538464 0.03365384615384615
0 0.3389423076923077 0.20552884615384615 0.03125 0.04567307692307692