0 0.2764423076923077 0.43028846153846156 0.052884615384615384 0.0625
0 0.8725961538461539 0.46274038461538464 0.06971153846153846 0.08413461538461539
0 0.16346153846153846 0.4651442307692308 0.052884615384615384 0.04567307692307692
0 0.6526442307692307 0.46634615384615385 0.06009615384615385 0.057692307692307696
0 0.5144230769230769 0.47115384615384615 0.055288461538461536 0.057692307692307696
0 0.08052884615384616 0.47836538461538464 0.026442307692307692 0.04807692307692308
0 0.7932692307692307 0.49158653846153844 0.06490384615384616 0.07932692307692307
0 0.06490384615384616 0.4951923076923077 0.04567307692307692 0.03365384615384615
0 0.23317307692307693 0.4951923076923077 0.04807692307692308 0.04567307692307692
0 0.12740384615384615 0.4987980769230769 0.04567307692307692 0.04567307692307692
0 0.2860576923076923 0.5036057692307693 0.06009615384615385 0.057692307692307696
0 0.5396634615384616 0.5072115384615384 0.06009615384615385 0.06490384615384616
0 0.6911057692307693 0.5192307692307693 0.07451923076923077 0.07932692307692307
0 0.3737980769230769 0.5372596153846154 0.07211538461538461 0.06971153846153846