1 0.06610576923076923 0.34615384615384615 0.1201923076923077 0.13221153846153846
1 0.22115384615384615 0.3473557692307692 0.13701923076923078 0.16346153846153846
1 0.4014423076923077 0.3485576923076923 0.04807692307692308 0.04567307692307692
1 0.33533653846153844 0.35216346153846156 0.08653846153846154 0.10817307692307693
1 0.6298076923076923 0.35216346153846156 0.10336538461538461 0.10817307692307693
1 0.8245192307692307 0.3545673076923077 0.08413461538461539 0.09615384615384616
1 0.6959134615384616 0.38100961538461536 0.07211538461538461 0.07211538461538461
1 0.5132211538461539 0.38221153846153844 0.055288461538461536 0.052884615384615384
1 0.45913461538461536 0.3870192307692308 0.057692307692307696 0.07692307692307693
1 0.390625 0.3954326923076923 0.0625 0.08173076923076923
1 0.8954326923076923 0.4182692307692308 0.08653846153846154 0.10576923076923077