1 0.5985576923076923 0.025240384615384616 0.05048076923076923 0.05048076923076923
1 0.6610576923076923 0.025240384615384616 0.05048076923076923 0.05048076923076923
1 0.4050480769230769 0.026442307692307692 0.07211538461538461 0.052884615384615384
1 0.19831730769230768 0.027644230769230768 0.04807692307692308 0.055288461538461536
1 0.5384615384615384 0.028846153846153848 0.07451923076923077 0.057692307692307696
1 0.7764423076923077 0.028846153846153848 0.0673076923076923 0.057692307692307696
1 0.9735576923076923 0.030048076923076924 0.04326923076923077 0.06009615384615385
1 0.3173076923076923 0.03245192307692308 0.055288461538461536 0.06490384615384616
1 0.6923076923076923 0.03245192307692308 0.038461538461538464 0.06009615384615385
1 0.8918269230769231 0.03245192307692308 0.08173076923076923 0.06490384615384616
1 0.9735576923076923 0.41466346153846156 0.028846153846153848 0.04326923076923077
1 0.7716346153846154 0.41586538461538464 0.052884615384615384 0.07932692307692307
1 0.6586538461538461 0.41947115384615385 0.06971153846153846 0.052884615384615384
1 0.3161057692307692 0.4230769230769231 0.04807692307692308 0.06971153846153846
1 0.8882211538461539 0.4266826923076923 0.06009615384615385 0.10576923076923077
1 0.5901442307692307 0.43149038461538464 0.057692307692307696 0.07211538461538461
1 0.41346153846153844 0.4338942307692308 0.05048076923076923 0.04326923076923077
1 0.5420673076923077 0.4362980769230769 0.08653846153846154 0.08653846153846154
1 0.27524038461538464 0.4387019230769231 0.04326923076923077 0.04807692307692308
1 0.18870192307692307 0.4387019230769231 0.07211538461538461 0.052884615384615384
1 0.35216346153846156 0.44471153846153844 0.028846153846153848 0.06009615384615385
1 0.22596153846153846 0.44591346153846156 0.03125 0.04807692307692308
1 0.038461538461538464 0.4651442307692308 0.06009615384615385 0.07211538461538461
1 0.22716346153846154 0.013221153846153846 0.03365384615384615 0.026442307692307692
1 0.2764423076923077 0.015625 0.04567307692307692 0.03125
1 0.71875 0.018028846153846152 0.03365384615384615 0.036057692307692304
1 0.3545673076923077 0.021634615384615384 0.028846153846153848 0.04326923076923077