0 0.9747596153846154 0.46033653846153844 0.036057692307692304 0.04807692307692308
0 0.609375 0.46153846153846156 0.0625 0.09375
0 0.484375 0.46274038461538464 0.0625 0.10096153846153846
0 0.7836538461538461 0.4639423076923077 0.03365384615384615 0.036057692307692304
0 0.41947115384615385 0.46875 0.0673076923076923 0.07932692307692307
0 0.5637019230769231 0.46875 0.057692307692307696 0.07932692307692307
0 0.7043269230769231 0.4699519230769231 0.06009615384615385 0.0673076923076923
0 0.125 0.47716346153846156 0.07932692307692307 0.11057692307692307
0 0.19230769230769232 0.47836538461538464 0.06971153846153846 0.11298076923076923
0 0.30649038461538464 0.4807692307692308 0.0625 0.07932692307692307
0 0.23677884615384615 0.48197115384615385 0.07211538461538461 0.11538461538461539
0 0.8786057692307693 0.4831730769230769 0.055288461538461536 0.07932692307692307
0 0.8485576923076923 0.5024038461538461 0.07211538461538461 0.08413461538461539