0 0.1201923076923077 0.24278846153846154 0.10336538461538461 0.13221153846153846
0 0.3737980769230769 0.2548076923076923 0.16826923076923078 0.19951923076923078
0 0.052884615384615384 0.3016826923076923 0.10576923076923077 0.31009615384615385
1 0.20673076923076922 0.03245192307692308 0.057692307692307696 0.06490384615384616
0 0.4266826923076923 0.32572115384615385 0.12259615384615384 0.17548076923076922
1 0.49759615384615385 0.04447115384615385 0.08413461538461539 0.06490384615384616
0 0.11177884615384616 0.04447115384615385 0.08173076923076923 0.08413461538461539
0 0.24519230769230768 0.056490384615384616 0.04807692307692308 0.06490384615384616
0 0.38822115384615385 0.056490384615384616 0.15625 0.11298076923076923
0 0.054086538461538464 0.05889423076923077 0.10817307692307693 0.11778846153846154
0 0.640625 0.0625 0.20432692307692307 0.125
1 0.3004807692307692 0.09014423076923077 0.11057692307692307 0.11298076923076923
1 0.2932692307692308 0.17307692307692307 0.10817307692307693 0.10576923076923077
0 0.2439903846153846 0.19591346153846154 0.057692307692307696 0.08173076923076923
0 0.6370192307692307 0.20552884615384615 0.20432692307692307 0.17548076923076922
1 0.21033653846153846 0.21875 0.05048076923076923 0.057692307692307696
1 0.4987980769230769 0.22596153846153846 0.0985576923076923 0.09375