0 0.49158653846153844 0.2548076923076923 0.0625 0.06009615384615385
0 0.6826923076923077 0.2548076923076923 0.07211538461538461 0.08653846153846154
1 0.7692307692307693 0.2548076923076923 0.09134615384615384 0.09134615384615384
1 0.546875 0.2764423076923077 0.04326923076923077 0.05048076923076923
0 0.6382211538461539 0.3088942307692308 0.13221153846153846 0.13701923076923078
1 0.5204326923076923 0.31850961538461536 0.08173076923076923 0.08413461538461539
1 0.21754807692307693 0.3425480769230769 0.08413461538461539 0.09615384615384616
0 0.6237980769230769 0.039663461538461536 0.0985576923076923 0.07932692307692307
1 0.5420673076923077 0.04567307692307692 0.04326923076923077 0.07211538461538461
0 0.35216346153846156 0.4639423076923077 0.09615384615384616 0.09375
0 0.33052884615384615 0.5204326923076923 0.12259615384615384 0.09615384615384616
0 0.46153846153846156 0.5552884615384616 0.0985576923076923 0.1201923076923077
0 0.6838942307692307 0.06610576923076923 0.07932692307692307 0.0889423076923077
0 0.4795673076923077 0.07211538461538461 0.08413461538461539 0.06490384615384616
1 0.7752403846153846 0.07692307692307693 0.09375 0.11057692307692307
1 0.9230769230769231 0.11899038461538461 0.06009615384615385 0.057692307692307696
1 0.9182692307692307 0.20192307692307693 0.0625 0.057692307692307696