1 0.057692307692307696 0.33052884615384615 0.11538461538461539 0.19951923076923078
1 0.28365384615384615 0.33774038461538464 0.15384615384615385 0.20192307692307693
1 0.9471153846153846 0.34615384615384615 0.10096153846153846 0.18509615384615385
1 0.8389423076923077 0.3473557692307692 0.13701923076923078 0.1971153846153846
1 0.6442307692307693 0.038461538461538464 0.10576923076923077 0.07692307692307693
1 0.1658653846153846 0.3641826923076923 0.1201923076923077 0.14423076923076922
1 0.7235576923076923 0.3737980769230769 0.13942307692307693 0.15625
1 0.5264423076923077 0.375 0.07692307692307693 0.16346153846153846
1 0.4639423076923077 0.39302884615384615 0.12740384615384615 0.1778846153846154
1 0.6310096153846154 0.4050480769230769 0.11057692307692307 0.1658653846153846
1 0.7259615384615384 0.4579326923076923 0.16346153846153846 0.18509615384615385
1 0.16105769230769232 0.054086538461538464 0.125 0.10817307692307693
1 0.5228365384615384 0.055288461538461536 0.10576923076923077 0.11057692307692307
1 0.46033653846153844 0.056490384615384616 0.13701923076923078 0.11298076923076923
1 0.7331730769230769 0.06370192307692307 0.1201923076923077 0.12740384615384615
1 0.29927884615384615 0.07091346153846154 0.17067307692307693 0.14182692307692307
1 0.06009615384615385 0.07692307692307693 0.1201923076923077 0.15384615384615385
1 0.8497596153846154 0.078125 0.14423076923076922 0.15625
1 0.9567307692307693 0.08533653846153846 0.08173076923076923 0.17067307692307693