0 0.16466346153846154 0.484375 0.04807692307692308 0.06490384615384616
0 0.07211538461538461 0.4879807692307692 0.10817307692307693 0.11538461538461539
0 0.15865384615384615 0.5 0.05048076923076923 0.04326923076923077
0 0.5480769230769231 0.5144230769230769 0.07451923076923077 0.07211538461538461
0 0.8665865384615384 0.5180288461538461 0.11298076923076923 0.14182692307692307
0 0.6490384615384616 0.5240384615384616 0.06971153846153846 0.0673076923076923
0 0.6875 0.5276442307692307 0.06971153846153846 0.0889423076923077
0 0.15745192307692307 0.5348557692307693 0.0673076923076923 0.07932692307692307
0 0.484375 0.5384615384615384 0.04807692307692308 0.0673076923076923
0 0.7427884615384616 0.5492788461538461 0.07692307692307693 0.09375
0 0.5673076923076923 0.5564903846153846 0.09375 0.11778846153846154
0 0.9543269230769231 0.5913461538461539 0.08653846153846154 0.17307692307692307