0 0.26802884615384615 0.025240384615384616 0.0673076923076923 0.05048076923076923
0 0.8966346153846154 0.026442307692307692 0.10576923076923077 0.052884615384615384
0 0.40865384615384615 0.2668269230769231 0.08413461538461539 0.11057692307692307
0 0.11658653846153846 0.27884615384615385 0.08653846153846154 0.1201923076923077
0 0.34615384615384615 0.2860576923076923 0.0889423076923077 0.13942307692307693
0 0.47596153846153844 0.28725961538461536 0.06009615384615385 0.10817307692307693
0 0.4807692307692308 0.028846153846153848 0.08413461538461539 0.057692307692307696
0 0.5180288461538461 0.3004807692307692 0.038461538461538464 0.09134615384615384
0 0.7067307692307693 0.30288461538461536 0.11778846153846154 0.16826923076923078
0 0.8846153846153846 0.3076923076923077 0.09615384615384616 0.14903846153846154
0 0.21754807692307693 0.03245192307692308 0.10576923076923077 0.06490384615384616
0 0.8209134615384616 0.3137019230769231 0.040865384615384616 0.05048076923076923
0 0.21875 0.31490384615384615 0.11298076923076923 0.15384615384615385
0 0.5901442307692307 0.3161057692307692 0.04807692307692308 0.07451923076923077
0 0.025240384615384616 0.31850961538461536 0.05048076923076923 0.15144230769230768
0 0.6213942307692307 0.31850961538461536 0.038461538461538464 0.06490384615384616
0 0.5456730769230769 0.33533653846153844 0.04567307692307692 0.05048076923076923
0 0.02283653846153846 0.036057692307692304 0.04567307692307692 0.07211538461538461
0 0.34615384615384615 0.037259615384615384 0.09375 0.07451923076923077
0 0.10216346153846154 0.04326923076923077 0.10096153846153846 0.08653846153846154
0 0.7163461538461539 0.04567307692307692 0.1466346153846154 0.09134615384615384
0 0.4050480769230769 0.04927884615384615 0.0673076923076923 0.0985576923076923