1 0.41346153846153844 0.40625 0.04326923076923077 0.038461538461538464
1 0.30288461538461536 0.4074519230769231 0.04326923076923077 0.055288461538461536
1 0.01201923076923077 0.40865384615384615 0.02403846153846154 0.04326923076923077
1 0.109375 0.41225961538461536 0.040865384615384616 0.03365384615384615
1 0.3401442307692308 0.41346153846153844 0.03365384615384615 0.04326923076923077
1 0.625 0.4170673076923077 0.04807692307692308 0.052884615384615384
1 0.8954326923076923 0.4206730769230769 0.052884615384615384 0.057692307692307696
1 0.2704326923076923 0.4230769230769231 0.04807692307692308 0.038461538461538464
1 0.14903846153846154 0.4230769230769231 0.0889423076923077 0.06971153846153846
1 0.4963942307692308 0.42908653846153844 0.04807692307692308 0.04567307692307692
1 0.7872596153846154 0.43509615384615385 0.06009615384615385 0.057692307692307696