1 0.20552884615384615 0.30288461538461536 0.09615384615384616 0.1466346153846154
0 0.9675480769230769 0.3329326923076923 0.06009615384615385 0.125
0 0.9723557692307693 0.03485576923076923 0.05048076923076923 0.06971153846153846
0 0.8677884615384616 0.3389423076923077 0.07211538461538461 0.0985576923076923
1 0.4567307692307692 0.3425480769230769 0.07451923076923077 0.0625
0 0.7307692307692307 0.34615384615384615 0.0673076923076923 0.06971153846153846
1 0.6394230769230769 0.35697115384615385 0.06009615384615385 0.08173076923076923
1 0.3137019230769231 0.36538461538461536 0.057692307692307696 0.07932692307692307
1 0.21514423076923078 0.04927884615384615 0.10576923076923077 0.0985576923076923
0 0.7259615384615384 0.013221153846153846 0.036057692307692304 0.026442307692307692
1 0.6538461538461539 0.014423076923076924 0.07692307692307693 0.028846153846153848
1 0.45072115384615385 0.016826923076923076 0.04807692307692308 0.03365384615384615
0 0.8786057692307693 0.020432692307692308 0.06971153846153846 0.040865384615384616