0 0.5757211538461539 0.026442307692307692 0.052884615384615384 0.052884615384615384
0 0.5204326923076923 0.3088942307692308 0.07692307692307693 0.11057692307692307
0 0.2439903846153846 0.31971153846153844 0.11057692307692307 0.13221153846153846
0 0.13581730769230768 0.3293269230769231 0.10096153846153846 0.14182692307692307
0 0.7716346153846154 0.33533653846153844 0.09615384615384616 0.13942307692307693
0 0.5685096153846154 0.33774038461538464 0.057692307692307696 0.08173076923076923
1 0.3329326923076923 0.3425480769230769 0.08653846153846154 0.08653846153846154
0 0.43028846153846156 0.3557692307692308 0.07451923076923077 0.06971153846153846
1 0.33533653846153844 0.037259615384615384 0.07211538461538461 0.07451923076923077
0 0.5228365384615384 0.05048076923076923 0.0625 0.10096153846153846
0 0.7596153846153846 0.051682692307692304 0.10817307692307693 0.10336538461538461
1 0.13341346153846154 0.06610576923076923 0.09615384615384616 0.10817307692307693
1 0.2403846153846154 0.0733173076923077 0.09375 0.12259615384615384
0 0.43509615384615385 0.02283653846153846 0.040865384615384616 0.04567307692307692