1 0.8389423076923077 0.2439903846153846 0.06490384615384616 0.08413461538461539
1 0.43028846153846156 0.2620192307692308 0.055288461538461536 0.06971153846153846
1 0.22115384615384615 0.2692307692307692 0.06490384615384616 0.08173076923076923
1 0.6057692307692307 0.2824519230769231 0.07451923076923077 0.08173076923076923
1 0.6658653846153846 0.28846153846153844 0.07451923076923077 0.08653846153846154
1 0.5024038461538461 0.28966346153846156 0.06971153846153846 0.06971153846153846
1 0.7608173076923077 0.29447115384615385 0.07211538461538461 0.09615384615384616
1 0.3581730769230769 0.30408653846153844 0.06971153846153846 0.08173076923076923
1 0.8377403846153846 0.03245192307692308 0.07451923076923077 0.06490384615384616
1 0.8425480769230769 0.3173076923076923 0.07692307692307693 0.0889423076923077
1 0.3004807692307692 0.3269230769230769 0.07211538461538461 0.09615384615384616
1 0.18028846153846154 0.3269230769230769 0.06971153846153846 0.08413461538461539
1 0.46875 0.33052884615384615 0.06971153846153846 0.08413461538461539
1 0.7644230769230769 0.03485576923076923 0.08653846153846154 0.06971153846153846
1 0.9399038461538461 0.3581730769230769 0.08413461538461539 0.11057692307692307
1 0.06490384615384616 0.3629807692307692 0.09134615384615384 0.10576923076923077
1 0.8028846153846154 0.38822115384615385 0.0889423076923077 0.06971153846153846
1 0.7680288461538461 0.22596153846153846 0.06009615384615385 0.0673076923076923