1 0.9555288461538461 0.5048076923076923 0.07211538461538461 0.08413461538461539
1 0.4807692307692308 0.5072115384615384 0.0673076923076923 0.07451923076923077
1 0.7379807692307693 0.5072115384615384 0.04326923076923077 0.05048076923076923
1 0.15745192307692307 0.5108173076923077 0.07211538461538461 0.07932692307692307
1 0.4483173076923077 0.5132211538461539 0.04807692307692308 0.04567307692307692
1 0.3016826923076923 0.5180288461538461 0.04807692307692308 0.06971153846153846
1 0.8473557692307693 0.5192307692307693 0.055288461538461536 0.0673076923076923
1 0.9134615384615384 0.5192307692307693 0.057692307692307696 0.05048076923076923
1 0.5721153846153846 0.5240384615384616 0.06009615384615385 0.052884615384615384
1 0.36177884615384615 0.5264423076923077 0.04567307692307692 0.04807692307692308
1 0.06129807692307692 0.53125 0.04807692307692308 0.055288461538461536
1 0.796875 0.5336538461538461 0.06009615384615385 0.052884615384615384
1 0.6346153846153846 0.5348557692307693 0.06009615384615385 0.055288461538461536
1 0.27283653846153844 0.5396634615384616 0.04326923076923077 0.038461538461538464