1 0.42427884615384615 0.25240384615384615 0.10096153846153846 0.13942307692307693
1 0.5889423076923077 0.25961538461538464 0.15144230769230768 0.13942307692307693
1 0.9435096153846154 0.3641826923076923 0.10817307692307693 0.12740384615384615
1 0.7920673076923077 0.3786057692307692 0.10336538461538461 0.12740384615384615
1 0.44350961538461536 0.038461538461538464 0.10576923076923077 0.07692307692307693
1 0.5877403846153846 0.039663461538461536 0.13942307692307693 0.07932692307692307
1 0.039663461538461536 0.4206730769230769 0.07932692307692307 0.10576923076923077
1 0.18389423076923078 0.42788461538461536 0.09134615384615384 0.10096153846153846
0 0.9591346153846154 0.04567307692307692 0.07692307692307693 0.09134615384615384
1 0.7091346153846154 0.4495192307692308 0.0889423076923077 0.08653846153846154
0 0.9603365384615384 0.18870192307692307 0.07451923076923077 0.1466346153846154