1 0.2848557692307692 0.31009615384615385 0.125 0.12259615384615384
1 0.8497596153846154 0.31009615384615385 0.09134615384615384 0.12980769230769232
1 0.45913461538461536 0.3112980769230769 0.11538461538461539 0.11538461538461539
1 0.5841346153846154 0.32211538461538464 0.08413461538461539 0.0985576923076923
1 0.7043269230769231 0.328125 0.09134615384615384 0.10817307692307693
1 0.9326923076923077 0.33052884615384615 0.06971153846153846 0.09615384615384616
1 0.6430288461538461 0.3317307692307692 0.09615384615384616 0.10336538461538461
1 0.7788461538461539 0.34615384615384615 0.07692307692307693 0.09134615384615384
1 0.7776442307692307 0.057692307692307696 0.08653846153846154 0.08173076923076923
1 0.7079326923076923 0.06490384615384616 0.08413461538461539 0.09375
1 0.6478365384615384 0.0733173076923077 0.12259615384615384 0.11538461538461539
1 0.4567307692307692 0.0829326923076923 0.12259615384615384 0.11538461538461539
1 0.9314903846153846 0.0829326923076923 0.08413461538461539 0.0889423076923077
1 0.5901442307692307 0.08774038461538461 0.09615384615384616 0.10096153846153846
1 0.2704326923076923 0.09975961538461539 0.1201923076923077 0.10576923076923077
1 0.8449519230769231 0.10697115384615384 0.1201923076923077 0.11057692307692307