0 0.31850961538461536 0.4050480769230769 0.028846153846153848 0.05048076923076923
0 0.27163461538461536 0.4206730769230769 0.04567307692307692 0.04326923076923077
0 0.051682692307692304 0.4266826923076923 0.052884615384615384 0.06009615384615385
0 0.9471153846153846 0.42908653846153844 0.07451923076923077 0.07932692307692307
0 0.8930288461538461 0.43149038461538464 0.07932692307692307 0.0889423076923077
0 0.6021634615384616 0.49158653846153844 0.03365384615384615 0.04567307692307692
0 0.6298076923076923 0.5540865384615384 0.05048076923076923 0.06971153846153846
0 0.4110576923076923 0.5637019230769231 0.055288461538461536 0.07932692307692307
0 0.8088942307692307 0.5661057692307693 0.05048076923076923 0.07451923076923077
0 0.7019230769230769 0.5853365384615384 0.04807692307692308 0.06971153846153846
0 0.27163461538461536 0.6117788461538461 0.04567307692307692 0.07932692307692307