1 0.04447115384615385 0.5216346153846154 0.0673076923076923 0.08173076923076923
1 0.2439903846153846 0.5228365384615384 0.04326923076923077 0.055288461538461536
1 0.8389423076923077 0.5324519230769231 0.04567307692307692 0.04807692307692308
1 0.6141826923076923 0.5336538461538461 0.036057692307692304 0.028846153846153848
1 0.4026442307692308 0.5396634615384616 0.036057692307692304 0.038461538461538464
1 0.5661057692307693 0.5396634615384616 0.04807692307692308 0.06490384615384616
1 0.6850961538461539 0.5444711538461539 0.05048076923076923 0.06490384615384616
1 0.7644230769230769 0.5444711538461539 0.057692307692307696 0.06490384615384616
1 0.28365384615384615 0.5456730769230769 0.06971153846153846 0.09615384615384616
1 0.08774038461538461 0.5480769230769231 0.055288461538461536 0.07451923076923077
1 0.1466346153846154 0.5516826923076923 0.07932692307692307 0.08173076923076923
1 0.45072115384615385 0.5564903846153846 0.04807692307692308 0.055288461538461536
1 0.23076923076923078 0.5564903846153846 0.0625 0.07211538461538461
1 0.9122596153846154 0.5588942307692307 0.055288461538461536 0.055288461538461536
1 0.5012019230769231 0.5649038461538461 0.0673076923076923 0.07451923076923077