1 0.4807692307692308 0.31850961538461536 0.06971153846153846 0.0625
1 0.7127403846153846 0.3233173076923077 0.057692307692307696 0.08173076923076923
1 0.23557692307692307 0.3329326923076923 0.07692307692307693 0.06971153846153846
1 0.8569711538461539 0.3389423076923077 0.08173076923076923 0.09615384615384616
1 0.8016826923076923 0.3605769230769231 0.08653846153846154 0.09375
1 0.7463942307692307 0.36538461538461536 0.052884615384615384 0.0889423076923077
1 0.17067307692307693 0.3786057692307692 0.09615384615384616 0.11778846153846154
1 0.08052884615384616 0.3942307692307692 0.10817307692307693 0.11778846153846154
1 0.09975961538461539 0.042067307692307696 0.08413461538461539 0.08413461538461539
1 0.9194711538461539 0.421875 0.11298076923076923 0.12259615384615384
1 0.036057692307692304 0.4266826923076923 0.07211538461538461 0.14182692307692307
1 0.037259615384615384 0.04447115384615385 0.07451923076923077 0.0889423076923077
1 0.9362980769230769 0.046875 0.12259615384615384 0.09375
1 0.9807692307692307 0.46875 0.03365384615384615 0.16346153846153846
1 0.17307692307692307 0.06490384615384616 0.07211538461538461 0.10336538461538461
1 0.8028846153846154 0.07692307692307693 0.10817307692307693 0.12980769230769232
1 0.8629807692307693 0.10096153846153846 0.07692307692307693 0.08653846153846154
1 0.24519230769230768 0.109375 0.07451923076923077 0.11538461538461539
1 0.47836538461538464 0.1201923076923077 0.06971153846153846 0.08173076923076923
1 0.7067307692307693 0.12860576923076922 0.06490384615384616 0.11298076923076923