0 0.7403846153846154 0.3629807692307692 0.1875 0.24519230769230768
1 0.04447115384615385 0.3942307692307692 0.0673076923076923 0.07692307692307693
0 0.6610576923076923 0.41346153846153844 0.09615384615384616 0.09134615384615384
0 0.10576923076923077 0.4254807692307692 0.0889423076923077 0.09134615384615384
0 0.296875 0.4387019230769231 0.04807692307692308 0.07451923076923077
0 0.3317307692307692 0.453125 0.036057692307692304 0.04567307692307692
1 0.03245192307692308 0.4639423076923077 0.06490384615384616 0.07692307692307693
0 0.1622596153846154 0.46634615384615385 0.11057692307692307 0.12980769230769232
0 0.5901442307692307 0.47115384615384615 0.038461538461538464 0.04807692307692308
0 0.4795673076923077 0.47716346153846156 0.0673076923076923 0.07451923076923077
0 0.24639423076923078 0.4795673076923077 0.08173076923076923 0.13701923076923078
0 0.5360576923076923 0.484375 0.04567307692307692 0.05048076923076923
0 0.6382211538461539 0.4879807692307692 0.03365384615384615 0.04326923076923077
0 0.578125 0.4951923076923077 0.03365384615384615 0.04807692307692308
0 0.36899038461538464 0.5012019230769231 0.08653846153846154 0.10336538461538461
0 0.4254807692307692 0.5084134615384616 0.07932692307692307 0.10336538461538461