0 0.6514423076923077 0.03125 0.09134615384615384 0.0625
0 0.46033653846153844 0.039663461538461536 0.10096153846153846 0.07932692307692307
0 0.7716346153846154 0.3954326923076923 0.1346153846153846 0.16105769230769232
0 0.8894230769230769 0.39783653846153844 0.1201923076923077 0.18028846153846154
0 0.9002403846153846 0.042067307692307696 0.12740384615384615 0.08413461538461539
0 0.4639423076923077 0.41586538461538464 0.0889423076923077 0.11538461538461539
0 0.26802884615384615 0.43990384615384615 0.057692307692307696 0.0673076923076923
0 0.6586538461538461 0.43990384615384615 0.10817307692307693 0.10576923076923077
0 0.5745192307692307 0.4411057692307692 0.055288461538461536 0.06971153846153846
0 0.38461538461538464 0.4543269230769231 0.06971153846153846 0.07692307692307693
0 0.7728365384615384 0.05048076923076923 0.11778846153846154 0.10096153846153846