1 0.22956730769230768 0.026442307692307692 0.07211538461538461 0.052884615384615384
1 0.8197115384615384 0.027644230769230768 0.052884615384615384 0.055288461538461536
1 0.036057692307692304 0.030048076923076924 0.06971153846153846 0.06009615384615385
1 0.6201923076923077 0.03125 0.06490384615384616 0.0625
1 0.8834134615384616 0.03365384615384615 0.09375 0.0673076923076923
1 0.35216346153846156 0.03485576923076923 0.0673076923076923 0.06009615384615385
1 0.5841346153846154 0.34975961538461536 0.07451923076923077 0.0889423076923077
1 0.47836538461538464 0.35096153846153844 0.06009615384615385 0.07211538461538461
1 0.1310096153846154 0.35216346153846156 0.08173076923076923 0.0985576923076923
1 0.8161057692307693 0.35697115384615385 0.036057692307692304 0.055288461538461536
1 0.04326923076923077 0.359375 0.040865384615384616 0.07451923076923077
1 0.9495192307692307 0.36778846153846156 0.052884615384615384 0.07692307692307693
1 0.23197115384615385 0.3737980769230769 0.0625 0.06971153846153846
1 0.5168269230769231 0.3798076923076923 0.03125 0.052884615384615384
1 0.4014423076923077 0.38100961538461536 0.055288461538461536 0.06971153846153846
1 0.35697115384615385 0.38221153846153844 0.0625 0.09615384615384616
1 0.8810096153846154 0.3954326923076923 0.07451923076923077 0.09375
1 0.7716346153846154 0.4170673076923077 0.0673076923076923 0.06490384615384616
1 0.4855769230769231 0.04326923076923077 0.07451923076923077 0.08653846153846154
1 0.13822115384615385 0.04326923076923077 0.10576923076923077 0.08653846153846154
1 0.5745192307692307 0.04807692307692308 0.06490384615384616 0.09615384615384616
1 0.5204326923076923 0.020432692307692308 0.057692307692307696 0.040865384615384616
1 0.9278846153846154 0.020432692307692308 0.0673076923076923 0.040865384615384616
1 0.39903846153846156 0.021634615384615384 0.06009615384615385 0.04326923076923077