0 0.5 0.026442307692307692 0.05048076923076923 0.04807692307692308
0 0.5901442307692307 0.2776442307692308 0.04807692307692308 0.04326923076923077
0 0.21995192307692307 0.30528846153846156 0.052884615384615384 0.055288461538461536
0 0.5012019230769231 0.30649038461538464 0.04807692307692308 0.052884615384615384
0 0.22355769230769232 0.040865384615384616 0.055288461538461536 0.0625
0 0.5925480769230769 0.054086538461538464 0.04326923076923077 0.06490384615384616
0 0.9495192307692307 0.5480769230769231 0.0673076923076923 0.036057692307692304
1 0.8894230769230769 0.5841346153846154 0.0625 0.07932692307692307
0 0.9579326923076923 0.5865384615384616 0.055288461538461536 0.06009615384615385
1 0.7884615384615384 0.5949519230769231 0.0673076923076923 0.07211538461538461
1 0.33774038461538464 0.6189903846153846 0.0673076923076923 0.07692307692307693
1 0.2283653846153846 0.6334134615384616 0.07451923076923077 0.09615384615384616