0 0.8221153846153846 0.5985576923076923 0.03365384615384615 0.055288461538461536
0 0.9747596153846154 0.6009615384615384 0.04567307692307692 0.06490384615384616
0 0.6153846153846154 0.6045673076923077 0.055288461538461536 0.0673076923076923
0 0.7788461538461539 0.6045673076923077 0.04807692307692308 0.04807692307692308
0 0.9507211538461539 0.6069711538461539 0.036057692307692304 0.04326923076923077
0 0.5132211538461539 0.6105769230769231 0.038461538461538464 0.06009615384615385
0 0.5480769230769231 0.6129807692307693 0.016826923076923076 0.03125
0 0.4387019230769231 0.6177884615384616 0.02403846153846154 0.03125
0 0.4735576923076923 0.6189903846153846 0.03125 0.038461538461538464
0 0.13581730769230768 0.6189903846153846 0.04326923076923077 0.0625
0 0.21153846153846154 0.6201923076923077 0.040865384615384616 0.06490384615384616
0 0.09254807692307693 0.625 0.057692307692307696 0.06490384615384616
0 0.8629807692307693 0.6430288461538461 0.057692307692307696 0.0673076923076923