1 0.7319711538461539 0.2704326923076923 0.1466346153846154 0.1466346153846154
1 0.6237980769230769 0.030048076923076924 0.07932692307692307 0.06009615384615385
1 0.4987980769230769 0.2932692307692308 0.13221153846153846 0.14182692307692307
1 0.8569711538461539 0.3004807692307692 0.09615384615384616 0.1346153846153846
1 0.6274038461538461 0.31490384615384615 0.055288461538461536 0.08173076923076923
1 0.4014423076923077 0.3161057692307692 0.10336538461538461 0.10817307692307693
1 0.26802884615384615 0.3425480769230769 0.1658653846153846 0.16826923076923078
1 0.25841346153846156 0.036057692307692304 0.13701923076923078 0.07211538461538461
1 0.4026442307692308 0.038461538461538464 0.10336538461538461 0.07211538461538461
1 0.8545673076923077 0.038461538461538464 0.0985576923076923 0.07692307692307693
1 0.5168269230769231 0.054086538461538464 0.10817307692307693 0.10817307692307693
1 0.7391826923076923 0.0673076923076923 0.13942307692307693 0.1346153846153846