1 0.7019230769230769 0.29447115384615385 0.13221153846153846 0.13701923076923078
1 0.8834134615384616 0.2956730769230769 0.16105769230769232 0.16826923076923078
1 0.5853365384615384 0.296875 0.10576923076923077 0.13701923076923078
1 0.4879807692307692 0.3076923076923077 0.11778846153846154 0.1346153846153846
1 0.038461538461538464 0.32572115384615385 0.07692307692307693 0.11778846153846154
1 0.30408653846153844 0.3329326923076923 0.11538461538461539 0.10336538461538461
1 0.29927884615384615 0.040865384615384616 0.11538461538461539 0.08173076923076923
1 0.03245192307692308 0.042067307692307696 0.06490384615384616 0.07932692307692307
1 0.7067307692307693 0.042067307692307696 0.14903846153846154 0.08413461538461539
0 0.37740384615384615 0.04927884615384615 0.12259615384615384 0.0985576923076923
1 0.5733173076923077 0.051682692307692304 0.10096153846153846 0.10336538461538461
1 0.8990384615384616 0.051682692307692304 0.1346153846153846 0.10336538461538461
1 0.4831730769230769 0.0625 0.11298076923076923 0.125
0 0.1778846153846154 0.11658653846153846 0.06971153846153846 0.11298076923076923
0 0.16947115384615385 0.21995192307692307 0.11538461538461539 0.07451923076923077