0 0.40865384615384615 0.45913461538461536 0.06009615384615385 0.0625
0 0.2403846153846154 0.46274038461538464 0.06971153846153846 0.06009615384615385
0 0.6947115384615384 0.4639423076923077 0.04807692307692308 0.057692307692307696
0 0.5216346153846154 0.4699519230769231 0.05048076923076923 0.0625
0 0.6430288461538461 0.4723557692307692 0.055288461538461536 0.06009615384615385
0 0.1814903846153846 0.4723557692307692 0.06009615384615385 0.07211538461538461
1 0.7331730769230769 0.4807692307692308 0.038461538461538464 0.040865384615384616
0 0.3161057692307692 0.48197115384615385 0.06009615384615385 0.06971153846153846
1 0.9483173076923077 0.4879807692307692 0.055288461538461536 0.0673076923076923
1 0.1310096153846154 0.49158653846153844 0.040865384615384616 0.04326923076923077
1 0.06370192307692307 0.5060096153846154 0.03365384615384615 0.03365384615384615