1 0.22115384615384615 0.31490384615384615 0.11298076923076923 0.14423076923076922
1 0.09975961538461539 0.32572115384615385 0.1971153846153846 0.2091346153846154
1 0.7992788461538461 0.3293269230769231 0.06971153846153846 0.09134615384615384
1 0.7259615384615384 0.3545673076923077 0.07451923076923077 0.12259615384615384
1 0.8329326923076923 0.3605769230769231 0.11298076923076923 0.12980769230769232
1 0.6177884615384616 0.375 0.08413461538461539 0.10096153846153846
1 0.5192307692307693 0.3870192307692308 0.07451923076923077 0.08173076923076923
1 0.43028846153846156 0.39302884615384615 0.07932692307692307 0.0985576923076923
1 0.5096153846153846 0.052884615384615384 0.07932692307692307 0.09615384615384616
1 0.4230769230769231 0.055288461538461536 0.09375 0.08653846153846154
1 0.8581730769230769 0.06850961538461539 0.10576923076923077 0.13701923076923078
1 0.6057692307692307 0.0733173076923077 0.09375 0.10336538461538461
1 0.7427884615384616 0.09495192307692307 0.08173076923076923 0.12259615384615384
1 0.8112980769230769 0.09495192307692307 0.07451923076923077 0.10336538461538461
1 0.22355769230769232 0.09735576923076923 0.13221153846153846 0.14182692307692307
1 0.08774038461538461 0.0985576923076923 0.17548076923076922 0.1971153846153846