1 0.3016826923076923 0.5084134615384616 0.09615384615384616 0.10096153846153846
1 0.15625 0.5084134615384616 0.10096153846153846 0.10576923076923077
1 0.4182692307692308 0.5096153846153846 0.057692307692307696 0.08653846153846154
1 0.24519230769230768 0.5180288461538461 0.052884615384615384 0.06009615384615385
0 0.6358173076923077 0.5228365384615384 0.05048076923076923 0.06971153846153846
1 0.054086538461538464 0.5252403846153846 0.07932692307692307 0.06971153846153846
0 0.3786057692307692 0.5276442307692307 0.055288461538461536 0.055288461538461536
0 0.5120192307692307 0.53125 0.04567307692307692 0.05048076923076923
0 0.7584134615384616 0.5324519230769231 0.06490384615384616 0.06971153846153846
1 0.453125 0.5336538461538461 0.038461538461538464 0.057692307692307696
1 0.5540865384615384 0.5420673076923077 0.04326923076923077 0.06490384615384616